"nc0024"	; Data Format
icEncodeFloat	; Encoding

 1.000 1.000 1.000 1.000 1.000 1.000 1.000 1.000 1.000 1.000 1.000 1.000 1.000 1.000 1.000 1.000 1.000 1.000 1.000 1.000 1.000 1.000 1.000 1.000 1.000 1.000 1.000 1.000 1.000 1.000 1.000 1.000 1.000 1.000 1.000 1.000
 0.064 0.066 0.067 0.067 0.067 0.066 0.066 0.065 0.065 0.065 0.065 0.065 0.067 0.073 0.080 0.084 0.085 0.086 0.091 0.102 0.120 0.139 0.149 0.153 0.156 0.164 0.175 0.186 0.195 0.197 0.190 0.183 0.183 0.189 0.197 0.209
 0.119 0.163 0.220 0.245 0.246 0.244 0.242 0.241 0.241 0.244 0.254 0.276 0.302 0.316 0.315 0.312 0.312 0.310 0.311 0.322 0.384 0.475 0.516 0.524 0.532 0.548 0.570 0.591 0.603 0.598 0.578 0.561 0.556 0.563 0.571 0.587
 0.113 0.169 0.256 0.311 0.323 0.329 0.336 0.343 0.340 0.329 0.316 0.305 0.290 0.267 0.242 0.225 0.210 0.188 0.163 0.147 0.155 0.166 0.161 0.151 0.147 0.145 0.144 0.148 0.154 0.156 0.152 0.145 0.135 0.128 0.130 0.143
 0.057 0.058 0.058 0.059 0.060 0.063 0.065 0.067 0.067 0.068 0.069 0.071 0.077 0.097 0.139 0.179 0.193 0.183 0.160 0.140 0.129 0.122 0.116 0.110 0.108 0.109 0.112 0.114 0.115 0.113 0.109 0.106 0.105 0.108 0.111 0.115
 0.122 0.185 0.302 0.394 0.425 0.435 0.440 0.442 0.436 0.422 0.399 0.363 0.323 0.290 0.261 0.233 0.220 0.216 0.210 0.203 0.203 0.212 0.229 0.245 0.251 0.260 0.284 0.318 0.351 0.369 0.366 0.357 0.355 0.361 0.370 0.386
 0.116 0.168 0.249 0.306 0.326 0.342 0.357 0.380 0.415 0.461 0.506 0.546 0.574 0.587 0.585 0.569 0.543 0.506 0.460 0.413 0.362 0.311 0.261 0.227 0.210 0.201 0.194 0.189 0.190 0.197 0.208 0.220 0.229 0.231 0.224 0.220
 0.060 0.059 0.059 0.057 0.058 0.057 0.057 0.057 0.057 0.058 0.059 0.061 0.066 0.085 0.126 0.159 0.175 0.195 0.238 0.322 0.436 0.545 0.604 0.611 0.600 0.588 0.576 0.562 0.550 0.541 0.539 0.545 0.557 0.573 0.581 0.588
 0.111 0.164 0.244 0.301 0.333 0.362 0.391 0.408 0.400 0.370 0.323 0.267 0.215 0.176 0.145 0.123 0.110 0.102 0.095 0.090 0.088 0.087 0.087 0.086 0.085 0.086 0.089 0.094 0.101 0.111 0.125 0.145 0.173 0.209 0.254 0.306
 0.094 0.119 0.143 0.149 0.147 0.146 0.144 0.142 0.139 0.134 0.128 0.122 0.116 0.110 0.104 0.102 0.102 0.102 0.102 0.109 0.155 0.277 0.428 0.534 0.583 0.600 0.603 0.601 0.606 0.620 0.640 0.660 0.674 0.678 0.668 0.665
 0.096 0.131 0.177 0.208 0.215 0.203 0.179 0.152 0.127 0.105 0.089 0.076 0.067 0.061 0.057 0.054 0.052 0.053 0.054 0.055 0.054 0.054 0.059 0.071 0.091 0.114 0.133 0.152 0.175 0.203 0.238 0.281 0.328 0.375 0.423 0.481
 0.071 0.069 0.071 0.071 0.071 0.072 0.075 0.079 0.088 0.104 0.130 0.173 0.244 0.351 0.465 0.534 0.557 0.553 0.534 0.509 0.475 0.432 0.385 0.348 0.328 0.318 0.311 0.306 0.307 0.318 0.334 0.350 0.363 0.368 0.362 0.359
 0.073 0.075 0.076 0.075 0.074 0.074 0.074 0.074 0.075 0.076 0.079 0.083 0.093 0.127 0.209 0.299 0.356 0.395 0.451 0.537 0.624 0.678 0.686 0.662 0.630 0.607 0.594 0.583 0.574 0.571 0.574 0.585 0.602 0.620 0.629 0.634
 0.071 0.084 0.110 0.157 0.205 0.249 0.303 0.364 0.378 0.340 0.266 0.187 0.123 0.083 0.061 0.051 0.047 0.045 0.043 0.043 0.043 0.043 0.042 0.042 0.043 0.043 0.043 0.043 0.043 0.043 0.043 0.044 0.045 0.047 0.050 0.055
 0.061 0.059 0.061 0.060 0.061 0.062 0.064 0.067 0.074 0.088 0.112 0.151 0.214 0.299 0.356 0.354 0.335 0.310 0.273 0.236 0.206 0.176 0.143 0.117 0.101 0.092 0.086 0.082 0.078 0.077 0.076 0.078 0.080 0.083 0.085 0.085
 0.058 0.057 0.056 0.055 0.053 0.053 0.052 0.052 0.051 0.050 0.049 0.048 0.047 0.046 0.046 0.046 0.047 0.048 0.049 0.054 0.065 0.089 0.151 0.288 0.466 0.601 0.674 0.708 0.726 0.735 0.742 0.747 0.751 0.754 0.751 0.751
 0.065 0.063 0.060 0.060 0.060 0.061 0.062 0.066 0.073 0.086 0.107 0.141 0.198 0.294 0.431 0.552 0.622 0.658 0.681 0.704 0.719 0.729 0.732 0.732 0.731 0.730 0.731 0.729 0.729 0.729 0.732 0.738 0.744 0.750 0.750 0.750
 0.126 0.184 0.297 0.369 0.382 0.372 0.349 0.318 0.286 0.255 0.224 0.193 0.169 0.151 0.129 0.108 0.100 0.105 0.106 0.108 0.134 0.195 0.280 0.387 0.509 0.621 0.706 0.762 0.800 0.824 0.836 0.844 0.849 0.852 0.852 0.856
 0.095 0.133 0.189 0.235 0.256 0.279 0.310 0.346 0.385 0.428 0.453 0.453 0.431 0.393 0.341 0.285 0.233 0.184 0.142 0.114 0.098 0.088 0.080 0.074 0.072 0.071 0.071 0.071 0.073 0.075 0.074 0.072 0.070 0.069 0.070 0.076
 0.146 0.214 0.392 0.659 0.828 0.875 0.883 0.887 0.891 0.893 0.895 0.899 0.901 0.905 0.909 0.912 0.918 0.924 0.927 0.933 0.935 0.939 0.941 0.941 0.941 0.941 0.945 0.947 0.948 0.944 0.942 0.943 0.941 0.939 0.930 0.925
 0.140 0.204 0.360 0.530 0.595 0.606 0.608 0.608 0.606 0.602 0.601 0.600 0.601 0.603 0.606 0.608 0.611 0.613 0.613 0.616 0.617 0.617 0.615 0.613 0.610 0.607 0.605 0.602 0.598 0.594 0.589 0.584 0.579 0.575 0.568 0.565
 0.128 0.187 0.285 0.350 0.367 0.371 0.373 0.374 0.372 0.368 0.366 0.365 0.365 0.366 0.368 0.369 0.370 0.371 0.371 0.374 0.375 0.376 0.374 0.372 0.369 0.366 0.363 0.360 0.357 0.353 0.349 0.345 0.341 0.337 0.331 0.327
 0.104 0.139 0.177 0.195 0.199 0.202 0.205 0.206 0.205 0.203 0.202 0.202 0.202 0.203 0.204 0.205 0.206 0.206 0.206 0.207 0.207 0.207 0.205 0.203 0.201 0.199 0.197 0.195 0.193 0.190 0.187 0.184 0.182 0.180 0.178 0.176
 0.071 0.081 0.089 0.094 0.094 0.095 0.096 0.096 0.095 0.094 0.093 0.093 0.093 0.093 0.094 0.094 0.094 0.094 0.093 0.093 0.093 0.092 0.092 0.091 0.090 0.089 0.088 0.087 0.086 0.086 0.085 0.084 0.083 0.082 0.081 0.080
 0.034 0.039 0.037 0.038 0.037 0.037 0.037 0.036 0.036 0.035 0.035 0.035 0.035 0.034 0.034 0.034 0.034 0.034 0.034 0.034 0.033 0.033 0.033 0.033 0.033 0.033 0.033 0.033 0.033 0.033 0.033 0.033 0.033 0.032 0.032 0.032